SCENARIO 3888

  NODE ID: 0
    send labels (5):  [55, 272512, 358]   [74, 231616, 500]   [20, 478144, 154]   [89, 17792, 323]    [113, 277696, 367]  
    recv labels (2):  [173, 56000]        [190, 243904]       

  NODE ID: 1
    send labels (8):  [19, 209792, 472]   [128, 37632, 333]   [151, 4864, 472]    [10, 18752, 19]     [149, 11008, 429]   [116, 361536, 32]   [23, 218880, 455]   [87, 156864, 119]   
    recv labels (9):  [129, 60672]        [75, 473536]        [78, 278080]        [102, 471616]       [136, 280448]       [148, 293184]       [176, 23104]        [6, 225664]         [170, 249152]       

  NODE ID: 2
    send labels (5):  [190, 243904, 238]  [104, 160704, 383]  [12, 101440, 112]   [77, 94400, 490]    [82, 493120, 136]   
    recv labels (9):  [123, 22976]        [120, 46912]        [22, 355648]        [145, 343808]       [4, 350976]         [39, 38592]         [38, 172032]        [100, 511168]       [37, 5824]          

  NODE ID: 3
    send labels (7):  [109, 224512, 27]   [172, 344128, 142]  [194, 293888, 60]   [191, 71488, 229]   [173, 56000, 91]    [143, 509504, 450]  [132, 26880, 197]   
    recv labels (11): [150, 224704]       [192, 478656]       [170, 249152]       [6, 225664]         [20, 478144]        [116, 361536]       [74, 231616]        [12, 101440]        [27, 144064]        [81, 203200]        [73, 437888]        

  NODE ID: 4
    send labels (10): [139, 474304, 353]  [123, 22976, 318]   [2, 9408, 186]      [168, 84928, 88]    [181, 353984, 405]  [78, 278080, 22]    [102, 471616, 187]  [136, 280448, 462]  [94, 487744, 275]   [59, 173952, 350]   
    recv labels (6):  [45, 74944]         [27, 144064]        [170, 249152]       [70, 241792]        [151, 4864]         [67, 383040]        

  NODE ID: 5
    send labels (7):  [148, 293184, 47]   [81, 203200, 362]   [75, 473536, 267]   [130, 312000, 30]   [62, 356160, 252]   [7, 428992, 304]    [61, 462976, 63]    
    recv labels (8):  [109, 224512]       [133, 209600]       [170, 249152]       [136, 280448]       [21, 7296]          [59, 173952]        [24, 89088]         [166, 316288]       

  NODE ID: 6
    send labels (8):  [16, 275968, 275]   [45, 74944, 197]    [125, 21056, 450]   [175, 25728, 27]    [33, 329536, 482]   [8, 47680, 381]     [180, 236992, 241]  [88, 138432, 103]   
    recv labels (5):  [191, 71488]        [144, 488640]       [27, 144064]        [136, 280448]       [43, 452352]        

  NODE ID: 7
    send labels (5):  [140, 239232, 214]  [36, 46208, 496]    [6, 225664, 241]    [147, 208832, 262]  [53, 116160, 122]   
    recv labels (3):  [19, 209792]        [21, 7296]          [5, 128704]         

  NODE ID: 8
    send labels (8):  [34, 319232, 319]   [152, 225280, 228]  [160, 357824, 365]  [38, 172032, 258]   [177, 72384, 101]   [182, 463040, 180]  [120, 46912, 268]   [100, 511168, 486]  
    recv labels (10): [118, 391552]       [15, 509824]        [176, 23104]        [47, 213440]        [184, 245952]       [62, 356160]        [148, 293184]       [20, 478144]        [78, 278080]        [191, 71488]        

  NODE ID: 9
    send labels (4):  [133, 209600, 323]  [3, 440896, 430]    [65, 240768, 345]   [137, 193536, 314]  
    recv labels (11): [140, 239232]       [150, 224704]       [74, 231616]        [175, 25728]        [145, 343808]       [178, 218304]       [151, 4864]         [152, 225280]       [128, 37632]        [172, 344128]       [28, 210432]        

  NODE ID: 10
    send labels (6):  [5, 128704, 349]    [118, 391552, 325]  [15, 509824, 95]    [47, 213440, 158]   [21, 7296, 182]     [0, 75136, 334]     
    recv labels (13): [145, 343808]       [197, 118016]       [102, 471616]       [65, 240768]        [181, 353984]       [140, 239232]       [34, 319232]        [191, 71488]        [92, 179520]        [172, 344128]       [154, 403904]       [127, 452224]       [152, 225280]       

  NODE ID: 11
    send labels (6):  [28, 210432, 90]    [154, 403904, 362]  [166, 316288, 433]  [70, 241792, 358]   [178, 218304, 133]  [176, 23104, 228]   
    recv labels (7):  [102, 471616]       [16, 275968]        [12, 101440]        [67, 383040]        [27, 144064]        [149, 11008]        [75, 473536]        

  NODE ID: 12
    send labels (6):  [54, 108096, 173]   [84, 320768, 363]   [4, 350976, 364]    [73, 437888, 254]   [135, 54016, 435]   [39, 38592, 479]    
    recv labels (4):  [147, 208832]       [23, 218880]        [24, 89088]         [28, 210432]        

  NODE ID: 13
    send labels (5):  [22, 355648, 333]   [184, 245952, 83]   [67, 383040, 107]   [43, 452352, 126]   [52, 433920, 23]    
    recv labels (6):  [73, 437888]        [55, 272512]        [23, 218880]        [140, 239232]       [154, 403904]       [126, 354496]       

  NODE ID: 14
    send labels (5):  [144, 488640, 281]  [101, 240896, 205]  [131, 433920, 154]  [11, 433664, 388]   [49, 263040, 306]   
    recv labels (10): [70, 241792]        [155, 236352]       [136, 280448]       [166, 316288]       [154, 403904]       [142, 410752]       [53, 116160]        [15, 509824]        [52, 433920]        [109, 224512]       

  NODE ID: 15
    send labels (6):  [112, 357760, 337]  [150, 224704, 12]   [99, 468672, 437]   [145, 343808, 49]   [126, 354496, 415]  [155, 236352, 14]   
    recv labels (9):  [47, 213440]        [116, 361536]       [197, 118016]       [129, 60672]        [89, 17792]         [38, 172032]        [8, 47680]          [67, 383040]        [172, 344128]       

  NODE ID: 16
    send labels (4):  [27, 144064, 457]   [111, 489600, 441]  [127, 452224, 301]  [192, 478656, 333]  
    recv labels (8):  [197, 118016]       [33, 329536]        [3, 440896]         [6, 225664]         [47, 213440]        [116, 361536]       [21, 7296]          [147, 208832]       

  NODE ID: 17
    send labels (5):  [117, 121152, 450]  [197, 118016, 443]  [92, 179520, 416]   [142, 410752, 373]  [9, 4352, 415]      
    recv labels (3):  [29, 48960]         [82, 493120]        [180, 236992]       

  NODE ID: 18
    send labels (4):  [29, 48960, 212]    [115, 64960, 116]   [24, 89088, 368]    [170, 249152, 306]  
    recv labels (10): [147, 208832]       [128, 37632]        [133, 209600]       [191, 71488]        [154, 403904]       [22, 355648]        [39, 38592]         [55, 272512]        [173, 56000]        [10, 18752]         

  NODE ID: 19
    send labels (3):  [1, 170816, 62]     [37, 5824, 358]     [129, 60672, 353]   
    recv labels (5):  [94, 487744]        [197, 118016]       [125, 21056]        [145, 343808]       [75, 473536]        

